与agent的通信记录 1/11 9：40

很好，这是一个好的进步。请
1）把刚刚的要求和经验都总结到 agent.md 里面；
2）优化过程中，请输出关键信息，包括通信关系，迭代过程的通信时间，最终的总结，拓扑图；
3）我增加了一个文件，export_drawio_svg.py，请使用这个程序，在完成优化后，把拓扑结果生成 draw.io 和 svg图；
4）请给我生成一个 readme.md，描述工具如何使用，以及解释代码的功能；
5）生成 requirments 文件，指示需要安装的库；

Summary

Updated reporting guidance in agent.md to include iteration time series and topology export paths, and to ensure optimization logs include communication matrix, iteration series, final summary, and topology visuals.

Added draw.io/SVG topology export support and integrated it into optimize output alongside topology plot and iteration time series in the CLI.

Added user-facing documentation and dependency list for running the toolkit.

Optimization run result: communication_time 4.262898656220387, switch baseline 5 ports/chip → 4.0, topology_plot artifacts/topology.png, drawio artifacts/topology.drawio, svg artifacts/topology.svg, history_plot artifacts/optimization_history.png.

Topology (edge list): [[0, 17], [0, 19], [0, 20], [0, 21], [0, 23], [0, 25], [0, 28], [0, 29], [0, 31], [1, 13], [1, 16], [1, 18], [1, 20], [1, 21], [1, 22], [1, 24], [1, 28], [1, 30], [2, 14], [2, 17], [2, 18], [2, 21], [2, 25], [2, 26], [2, 27], [2, 29], [2, 30], [3, 12], [3, 19], [3, 20], [3, 21], [3, 22], [3, 23], [3, 26], [3, 30], [3, 31], [4, 12], [4, 15], [4, 18], [4, 20], [4, 26], [4, 27], [4, 28], [4, 30], [4, 31], [5, 14], [5, 16], [5, 19], [5, 20], [5, 24], [5, 25], [5, 27], [5, 29], [5, 31], [6, 15], [6, 16], [6, 18], [6, 22], [6, 23], [6, 24], [6, 26], [6, 28], [6, 31], [7, 17], [7, 18], [7, 20], [7, 21], [7, 24], [7, 27], [7, 29], [7, 30], [7, 31], [8, 12], [8, 13], [8, 22], [8, 24], [8, 25], [8, 27], [8, 28], [8, 29], [8, 30], [9, 10], [9, 14], [9, 16], [9, 20], [9, 24], [9, 25], [9, 26], [9, 29], [9, 31], [10, 13], [10, 14], [10, 19], [10, 20], [10, 21], [10, 23], [10, 26], [10, 28], [11, 12], [11, 17], [11, 19], [11, 25], [11, 26], [11, 27], [11, 29], [11, 30], [11, 31], [12, 15], [12, 17], [12, 20], [12, 23], [12, 28], [13, 14], [13, 18], [13, 21], [13, 23], [13, 24], [13, 25], [14, 17], [14, 22], [14, 23], [14, 29], [15, 17], [15, 18], [15, 21], [15, 26], [15, 28], [15, 30], [16, 17], [16, 22], [16, 27], [16, 28], [16, 31], [17, 23], [18, 22], [18, 26], [19, 21], [19, 22], [19, 24], [19, 27], [22, 30], [23, 25], [24, 25], [27, 29]].

通信关系矩阵（行=源芯片，列=目的芯片，1=有通信，0=无通信）: [[0, 0, 0, 0, 0, 0, 0, 0, 0, 0, 0, 0, 0, 0, 0, 0, 0, 0, 0, 0, 1, 1, 1, 1, 1, 1, 1, 1, 1, 1, 1, 1], [0, 0, 0, 0, 0, 0, 0, 0, 0, 0, 0, 0, 0, 0, 0, 0, 0, 0, 0, 0, 1, 1, 1, 1, 1, 1, 1, 1, 1, 1, 1, 1], [0, 0, 0, 0, 0, 0, 0, 0, 0, 0, 0, 0, 0, 0, 0, 0, 0, 0, 0, 0, 1, 1, 1, 1, 1, 1, 1, 1, 1, 1, 1, 1], [0, 0, 0, 0, 0, 0, 0, 0, 0, 0, 0, 0, 0, 0, 0, 0, 0, 0, 0, 0, 1, 1, 1, 1, 1, 1, 1, 1, 1, 1, 1, 1], [0, 0, 0, 0, 0, 0, 0, 0, 0, 0, 0, 0, 0, 0, 0, 0, 0, 0, 0, 0, 1, 1, 1, 1, 1, 1, 1, 1, 1, 1, 1, 1], [0, 0, 0, 0, 0, 0, 0, 0, 0, 0, 0, 0, 0, 0, 0, 0, 0, 0, 0, 0, 1, 1, 1, 1, 1, 1, 1, 1, 1, 1, 1, 1], [0, 0, 0, 0, 0, 0, 0, 0, 0, 0, 0, 0, 0, 0, 0, 0, 0, 0, 0, 0, 1, 1, 1, 1, 1, 1, 1, 1, 1, 1, 1, 1], [0, 0, 0, 0, 0, 0, 0, 0, 0, 0, 0, 0, 0, 0, 0, 0, 0, 0, 0, 0, 1, 1, 1, 1, 1, 1, 1, 1, 1, 1, 1, 1], [0, 0, 0, 0, 0, 0, 0, 0, 0, 0, 0, 0, 0, 0, 0, 0, 0, 0, 0, 0, 1, 1, 1, 1, 1, 1, 1, 1, 1, 1, 1, 1], [0, 0, 0, 0, 0, 0, 0, 0, 0, 0, 0, 0, 0, 0, 0, 0, 0, 0, 0, 0, 1, 1, 1, 1, 1, 1, 1, 1, 1, 1, 1, 1], [0, 0, 0, 0, 0, 0, 0, 0, 0, 0, 0, 0, 0, 0, 0, 0, 0, 0, 0, 0, 1, 1, 1, 1, 1, 1, 1, 1, 1, 1, 1, 1], [0, 0, 0, 0, 0, 0, 0, 0, 0, 0, 0, 0, 0, 0, 0, 0, 0, 0, 0, 0, 1, 1, 1, 1, 1, 1, 1, 1, 1, 1, 1, 1], [0, 0, 0, 0, 0, 0, 0, 0, 0, 0, 0, 0, 0, 0, 0, 0, 0, 0, 0, 0, 1, 1, 1, 1, 1, 1, 1, 1, 1, 1, 1, 1], [0, 0, 0, 0, 0, 0, 0, 0, 0, 0, 0, 0, 0, 0, 0, 0, 0, 0, 0, 0, 1, 1, 1, 1, 1, 1, 1, 1, 1, 1, 1, 1], [0, 0, 0, 0, 0, 0, 0, 0, 0, 0, 0, 0, 0, 0, 0, 0, 0, 0, 0, 0, 1, 1, 1, 1, 1, 1, 1, 1, 1, 1, 1, 1], [0, 0, 0, 0, 0, 0, 0, 0, 0, 0, 0, 0, 0, 0, 0, 0, 0, 0, 0, 0, 1, 1, 1, 1, 1, 1, 1, 1, 1, 1, 1, 1], [0, 0, 0, 0, 0, 0, 0, 0, 0, 0, 0, 0, 0, 0, 0, 0, 0, 0, 0, 0, 1, 1, 1, 1, 1, 1, 1, 1, 1, 1, 1, 1], [0, 0, 0, 0, 0, 0, 0, 0, 0, 0, 0, 0, 0, 0, 0, 0, 0, 0, 0, 0, 1, 1, 1, 1, 1, 1, 1, 1, 1, 1, 1, 1], [0, 0, 0, 0, 0, 0, 0, 0, 0, 0, 0, 0, 0, 0, 0, 0, 0, 0, 0, 0, 1, 1, 1, 1, 1, 1, 1, 1, 1, 1, 1, 1], [0, 0, 0, 0, 0, 0, 0, 0, 0, 0, 0, 0, 0, 0, 0, 0, 0, 0, 0, 0, 0, 0, 0, 0, 0, 0, 0, 0, 0, 0, 0, 0], [0, 0, 0, 0, 0, 0, 0, 0, 0, 0, 0, 0, 0, 0, 0, 0, 0, 0, 0, 0, 0, 0, 0, 0, 0, 0, 0, 0, 0, 0, 0, 0], [0, 0, 0, 0, 0, 0, 0, 0, 0, 0, 0, 0, 0, 0, 0, 0, 0, 0, 0, 0, 0, 0, 0, 0, 0, 0, 0, 0, 0, 0, 0, 0], [0, 0, 0, 0, 0, 0, 0, 0, 0, 0, 0, 0, 0, 0, 0, 0, 0, 0, 0, 0, 0, 0, 0, 0, 0, 0, 0, 0, 0, 0, 0, 0], [0, 0, 0, 0, 0, 0, 0, 0, 0, 0, 0, 0, 0, 0, 0, 0, 0, 0, 0, 0, 0, 0, 0, 0, 0, 0, 0, 0, 0, 0, 0, 0], [0, 0, 0, 0, 0, 0, 0, 0, 0, 0, 0, 0, 0, 0, 0, 0, 0, 0, 0, 0, 0, 0, 0, 0, 0, 0, 0, 0, 0, 0, 0, 0], [0, 0, 0, 0, 0, 0, 0, 0, 0, 0, 0, 0, 0, 0, 0, 0, 0, 0, 0, 0, 0, 0, 0, 0, 0, 0, 0, 0, 0, 0, 0, 0], [0, 0, 0, 0, 0, 0, 0, 0, 0, 0, 0, 0, 0, 0, 0, 0, 0, 0, 0, 0, 0, 0, 0, 0, 0, 0, 0, 0, 0, 0, 0, 0], [0, 0, 0, 0, 0, 0, 0, 0, 0, 0, 0, 0, 0, 0, 0, 0, 0, 0, 0, 0, 0, 0, 0, 0, 0, 0, 0, 0, 0, 0, 0, 0], [0, 0, 0, 0, 0, 0, 0, 0, 0, 0, 0, 0, 0, 0, 0, 0, 0, 0, 0, 0, 0, 0, 0, 0, 0, 0, 0, 0, 0, 0, 0, 0], [0, 0, 0, 0, 0, 0, 0, 0, 0, 0, 0, 0, 0, 0, 0, 0, 0, 0, 0, 0, 0, 0, 0, 0, 0, 0, 0, 0, 0, 0, 0, 0], [0, 0, 0, 0, 0, 0, 0, 0, 0, 0, 0, 0, 0, 0, 0, 0, 0, 0, 0, 0, 0, 0, 0, 0, 0, 0, 0, 0, 0, 0, 0, 0], [0, 0, 0, 0, 0, 0, 0, 0, 0, 0, 0, 0, 0, 0, 0, 0, 0, 0, 0, 0, 0, 0, 0, 0, 0, 0, 0, 0, 0, 0, 0, 0], [0, 0, 0, 0, 0, 0, 0, 0, 0, 0, 0, 0, 0, 0, 0, 0, 0, 0, 0, 0, 0, 0, 0, 0, 0, 0, 0, 0, 0, 0, 0, 0]].

端口利用率（按芯片索引顺序）: [0.5784427087641094, 0.6159085865481495, 0.657220656551391, 0.5832913550302733, 0.6644045778079288, 0.5948864212816168, 0.6276989713291957, 0.683888740351892, 0.6609213771605106, 0.6941484574205131, 0.6960426566194169, 0.6677047499959117, 0.6924831271652047, 0.6479435036288076, 0.5958075001863089, 0.6109647960765627, 0.7115970135442979, 0.48295275734319315, 0.6378159587211173, 0.8180496282761328, 0.6258013978094097, 0.6092026743842409, 0.6459734337991299, 0.6982845923801645, 0.705219656901053, 0.7663465544655144, 0.6250463785286142, 0.6888141376509892, 0.6000743497907292, 0.655195768765999, 0.7237775724341974, 0.6379673939111471].

迭代过程通信时间序列（history_times）: [4.360136894037225, 4.330006149901165, 4.262898656220387, 4.584728937698909, 5.8584144142757415, 5.78230952699385, 5.78230952699385, 6.2232584753939815, 6.2232584753939815, 6.190473163146864, 6.190473163146864, 5.6728143475553345, 5.6728143475553345, 6.6893182280315795, 6.712710285529633, 6.687830717741371, 6.6005545589859, 5.2149533541802, 5.2149533541802, 5.2149533541802, 5.134608664618831, 6.762741650622327, 6.028838992828236, 6.042739977475791, 6.147639133853165, 6.753779047360752, 6.618895404631211, 6.609759040595379, 5.936812862702609, 6.022393574878677, 7.270867775044783, 6.092812050425911, 6.092812050425911, 6.092812050425911, 6.09901455734257, 6.09901455734257, 6.0437101665694755, 6.052195565804245, 6.094261381104048, 6.094261381104048, 6.098888885210905, 7.123911197939439, 7.125886696964991, 7.11933452219327, 9.005758902442969, 8.98964478983421, 10.369163581567602, 8.98964478983421, 7.846520021599907, 7.82399716894437, 7.858264976232834, 7.851016099982307, 7.854188691805601, 7.854188691805601, 7.8566194028974525, 8.973409501488927, 8.973409501488927, 9.03381893608157, 7.134257991065726, 7.086495766240528, 7.086495766240528, 7.081536028175283, 7.0816059860891825, 7.332163802330747, 7.342327496063722, 5.539965526636774, 6.458444003088223, 6.646397260702193, 5.779181134595301, 5.7860462415357725, 5.768535692819044, 5.865699846353363, 7.744423445995928, 6.5915015623364415, 7.113310050508072, 6.605868434867959, 6.605868434867959, 6.615624622828341, 6.615624622828341, 7.494485412978785, 7.555827075616411, 7.555827075616411, 7.555827075616411, 7.162917937836101, 7.162917937836101, 7.1113578891691, 7.1113578891691, 7.305310038187609, 6.608570696121945, 6.369977616888247, 6.003248786558968, 6.006650820994024, 5.567943445357128, 7.021572876350703, 7.088832424748343, 7.096728427631561, 7.668891334933829, 7.668891334933829, 7.026105375223994, 6.972284294143943, 6.97410699695235, 6.976421391431557, 6.976421391431557, 7.03977586020825, 7.052936518326707, 7.021020964855964, 8.05755664675038, 8.03626081349574, 8.038660126723945, 8.022858307675763, 8.022041790619586, 8.011324982241034, 8.666125089291489, 8.664741841717433, 8.651542104413677, 8.115375834214808, 6.988857711534164, 6.981939529727294, 9.076007179534887, 9.063739122366544, 5.992736190131727, 6.040021064026552, 6.041192940781879, 6.041192940781879, 6.041192940781879, 6.047726136710851, 6.056722924703893, 6.065787979568193, 6.065787979568193, 5.84827672685197, 7.086295207972833, 7.105403139879833, 8.231784760123617, 7.172765298380817, 7.013332221218193, 7.0194999468997805, 7.0194999468997805, 7.0194999468997805, 7.0194999468997805, 7.0194999468997805, 6.979016819977114, 6.977080493829804, 6.517478678680285, 7.510316433150887, 7.510316433150887, 7.51298734942956, 7.473874143168795, 7.48329587622944, 7.48329587622944, 7.456133238882823, 6.166325647107083, 5.982649157448834, 5.991555263116223, 5.991555263116223, 6.028747960050422, 6.02108152077377, 5.996750254406897, 5.996750254406897, 7.1836176558841, 7.187420158296587, 7.1953298107564025, 7.172502839693779, 7.164177187567831, 6.107083351523776, 6.236120629370315, 7.382849750669211, 7.423151238514432, 7.64602879002686, 7.9782240331806396, 6.772634536476877, 6.45711169918229, 6.45711169918229, 5.733088065104283, 5.733088065104283, 6.53626476153754, 6.306548462784954, 6.279766806683422, 5.879575457927212, 5.880652907235925, 5.381316578149706, 5.872062834795661, 5.321191925009462, 6.138188868442855, 5.645785776431478, 6.542406688347752, 7.2475807259909555, 7.2475807259909555, 7.2905556550235024, 6.718216708350785, 6.701512284157016, 6.827251670025877, 7.657930511785163, 8.43970025933876, 8.534100677584767, 8.536291023938839, 8.547233238024148, 8.525662230918297, 8.58106719076892, 8.57346552867581, 8.077947339467295, 7.968311109323269, 7.395852962732075, 7.395348072948199].

Testing

✅ python cli.py optimize --iterations 2000 --seed 42 --resume-path resume_seed.json --output optimization_result.json > optimization_summary.json

好的，请继续。同时，我建议寻优程序可以记录之前几次的寻优结果，不再仅仅使用固定的迭代次数，而是也考虑一下之前的寻优结果，迭代次数来考虑是否终止迭代；之前好的结果也可以保存下来作为起始条件；执行过程中和完成之后，请给出一个迭代次数与通信时间变化可视化的结果；

好的，以后请保持在summary 中增加 Topology (edge list):
请尝试使用广义 Kautz 图作为拓扑，看看是否可以找到更好的结果。

好的，以后请保持在summary 中增加 Topology (edge list):\n根据对你产生的拓扑分析，我发现很多芯片只连接了很少的链路，并没有把全部9条链路全部充分使用，请尝试尽力使用更多的链路来提升性能。
